{
 "cells": [
  {
   "cell_type": "code",
   "execution_count": 1,
   "metadata": {},
   "outputs": [],
   "source": [
    "import os\n",
    "from typing import overload\n",
    "import numpy as np\n",
    "from pymbar import MBAR\n",
    "import pandas as pd"
   ]
  },
  {
   "cell_type": "code",
   "execution_count": 3,
   "metadata": {},
   "outputs": [],
   "source": [
    "os.chdir('complex_1_20_200_200/post_processing')"
   ]
  },
  {
   "cell_type": "code",
   "execution_count": 4,
   "metadata": {},
   "outputs": [],
   "source": [
    "#beta = 1.0 / (300 * 1.380649 * 6.02214076 / 1000)\n",
    "beta = 1.0 / (300 * 1.380649e-23 )\n",
    "name_list = [ 0.0, 0.01, 0.025, 0.05, 0.075, 0.1, 0.15, 0.2, 0.35, 0.5, 0.75, 1.0]\n",
    "#name_list = [ 0.01, 0.025, 0.05, 0.075, 0.1, 0.15, 0.2, 0.3, 0.4, 0.5, 0.6, 0.7, 0.85, 1]\n",
    "\n",
    "# number of states\n",
    "K = len(name_list)\n",
    "\n",
    "mian_dir = os.getcwd()"
   ]
  },
  {
   "cell_type": "code",
   "execution_count": 5,
   "metadata": {},
   "outputs": [],
   "source": [
    "os.chdir(mian_dir + '/' + str(name_list[0]))\n",
    "result_path = os.getcwd() + '/MBAR_energy.txt'"
   ]
  },
  {
   "cell_type": "code",
   "execution_count": 6,
   "metadata": {},
   "outputs": [],
   "source": [
    "u_kn = np.loadtxt(result_path)"
   ]
  },
  {
   "cell_type": "code",
   "execution_count": 7,
   "metadata": {},
   "outputs": [
    {
     "data": {
      "text/plain": [
       "(12000,)"
      ]
     },
     "execution_count": 7,
     "metadata": {},
     "output_type": "execute_result"
    }
   ],
   "source": [
    "u_kn.shape"
   ]
  },
  {
   "cell_type": "code",
   "execution_count": 8,
   "metadata": {},
   "outputs": [],
   "source": [
    "for file in range(1,len(name_list)):\n",
    "\n",
    "    os.chdir(mian_dir + '/' + str(name_list[file]))\n",
    "    result_path = os.getcwd() + '/MBAR_energy.txt'\n",
    "\n",
    "    a = np.loadtxt(result_path)\n",
    "    #print(a.shape)\n",
    "    #print(a)\n",
    "    u_kn = np.vstack((u_kn,a))"
   ]
  },
  {
   "cell_type": "code",
   "execution_count": 9,
   "metadata": {},
   "outputs": [
    {
     "data": {
      "text/plain": [
       "(12, 12000)"
      ]
     },
     "execution_count": 9,
     "metadata": {},
     "output_type": "execute_result"
    }
   ],
   "source": [
    "u_kn.shape"
   ]
  },
  {
   "cell_type": "code",
   "execution_count": 10,
   "metadata": {},
   "outputs": [
    {
     "data": {
      "text/plain": [
       "array([1000, 1000, 1000, 1000, 1000, 1000, 1000, 1000, 1000, 1000, 1000,\n",
       "       1000], dtype=int32)"
      ]
     },
     "execution_count": 10,
     "metadata": {},
     "output_type": "execute_result"
    }
   ],
   "source": [
    "N_k = np.full(K,u_kn.shape[1]/K, dtype=np.int32)\n",
    "N_k"
   ]
  },
  {
   "cell_type": "code",
   "execution_count": 11,
   "metadata": {},
   "outputs": [],
   "source": [
    "mbar = MBAR(u_kn,N_k)"
   ]
  },
  {
   "cell_type": "code",
   "execution_count": 12,
   "metadata": {},
   "outputs": [],
   "source": [
    "Delta_f_ij, dDelta_f_ij, Theta_ij = mbar.getFreeEnergyDifferences(return_theta=True)\n",
    "\n",
    "# kbT  -->   kcal/mol   (  *  0.596  )"
   ]
  },
  {
   "cell_type": "code",
   "execution_count": 13,
   "metadata": {},
   "outputs": [
    {
     "data": {
      "text/plain": [
       "array([[0.        , 0.00871004, 0.01649676, 0.02359693, 0.02759416,\n",
       "        0.03021215, 0.03364135, 0.03601275, 0.04081088, 0.04399281,\n",
       "        0.04761932, 0.05031266],\n",
       "       [0.00871004, 0.        , 0.00840246, 0.01660298, 0.02135896,\n",
       "        0.02448436, 0.02853863, 0.03129116, 0.03671495, 0.0402239 ,\n",
       "        0.04416155, 0.04705328],\n",
       "       [0.01649676, 0.00840246, 0.        , 0.00891678, 0.01440655,\n",
       "        0.01811448, 0.02297159, 0.02624096, 0.03250041, 0.03642065,\n",
       "        0.04072959, 0.04384863],\n",
       "       [0.02359693, 0.01660298, 0.00891678, 0.        , 0.00598499,\n",
       "        0.01026226, 0.01610311, 0.02009783, 0.02759141, 0.03210513,\n",
       "        0.03692345, 0.04033935],\n",
       "       [0.02759416, 0.02135896, 0.01440655, 0.00598499, 0.        ,\n",
       "        0.00448376, 0.01088817, 0.01540348, 0.02390947, 0.02893867,\n",
       "        0.03419601, 0.03785983],\n",
       "       [0.03021215, 0.02448436, 0.01811448, 0.01026226, 0.00448376,\n",
       "        0.        , 0.00666038, 0.01151156, 0.0208103 , 0.02629307,\n",
       "        0.03195262, 0.03584418],\n",
       "       [0.03364135, 0.02853863, 0.02297159, 0.01610311, 0.01088817,\n",
       "        0.00666038, 0.        , 0.00514011, 0.01548188, 0.02171189,\n",
       "        0.02810732, 0.03243474],\n",
       "       [0.03601275, 0.03129116, 0.02624096, 0.02009783, 0.01540348,\n",
       "        0.01151156, 0.00514011, 0.        , 0.01086188, 0.01764771,\n",
       "        0.02469442, 0.02944473],\n",
       "       [0.04081088, 0.03671495, 0.03250041, 0.02759141, 0.02390947,\n",
       "        0.0208103 , 0.01548188, 0.01086188, 0.        , 0.00756971,\n",
       "        0.01599928, 0.02186597],\n",
       "       [0.04399281, 0.0402239 , 0.03642065, 0.03210513, 0.02893867,\n",
       "        0.02629307, 0.02171189, 0.01764771, 0.00756971, 0.        ,\n",
       "        0.00904578, 0.01568657],\n",
       "       [0.04761932, 0.04416155, 0.04072959, 0.03692345, 0.03419601,\n",
       "        0.03195262, 0.02810732, 0.02469442, 0.01599928, 0.00904578,\n",
       "        0.        , 0.00722035],\n",
       "       [0.05031266, 0.04705328, 0.04384863, 0.04033935, 0.03785983,\n",
       "        0.03584418, 0.03243474, 0.02944473, 0.02186597, 0.01568657,\n",
       "        0.00722035, 0.        ]])"
      ]
     },
     "execution_count": 13,
     "metadata": {},
     "output_type": "execute_result"
    }
   ],
   "source": [
    "dDelta_f_ij"
   ]
  },
  {
   "cell_type": "code",
   "execution_count": 14,
   "metadata": {},
   "outputs": [
    {
     "name": "stdout",
     "output_type": "stream",
     "text": [
      "Delta_f_ij.shape: (12, 12)\n",
      "Restraint energy : 6.001 ± 0.030 Kcal/mol\n"
     ]
    }
   ],
   "source": [
    "print('Delta_f_ij.shape:',Delta_f_ij.shape)\n",
    "print(f\"Restraint energy : {Delta_f_ij[0,-1] / beta / 1000 / 4.186 * 6.02214076e23:.3f} ± {dDelta_f_ij[0,-1] / beta / 1000 / 4.186 * 6.02214076e23:.3f} Kcal/mol\")\n",
    "with open(f'{mian_dir}/Restraint_energy.txt','w') as f:\n",
    "    f.write(f'Restraint energy(MBAR): {Delta_f_ij[0,-1] / beta / 1000 / 4.186 * 6.02214076e23:.3f} ± {dDelta_f_ij[0,-1] / beta / 1000 / 4.186 * 6.02214076e23:.3f} Kcal/mol\\n')\n",
    "    for i in range(K-1):\n",
    "        f.writelines(f'{Delta_f_ij[i][i+1] * 0.596:.3f}\\n')"
   ]
  },
  {
   "cell_type": "code",
   "execution_count": 15,
   "metadata": {},
   "outputs": [
    {
     "data": {
      "text/html": [
       "<div>\n",
       "<style scoped>\n",
       "    .dataframe tbody tr th:only-of-type {\n",
       "        vertical-align: middle;\n",
       "    }\n",
       "\n",
       "    .dataframe tbody tr th {\n",
       "        vertical-align: top;\n",
       "    }\n",
       "\n",
       "    .dataframe thead th {\n",
       "        text-align: right;\n",
       "    }\n",
       "</style>\n",
       "<table border=\"1\" class=\"dataframe\">\n",
       "  <thead>\n",
       "    <tr style=\"text-align: right;\">\n",
       "      <th></th>\n",
       "      <th>0</th>\n",
       "      <th>1</th>\n",
       "      <th>2</th>\n",
       "      <th>3</th>\n",
       "      <th>4</th>\n",
       "      <th>5</th>\n",
       "      <th>6</th>\n",
       "      <th>7</th>\n",
       "      <th>8</th>\n",
       "      <th>9</th>\n",
       "      <th>10</th>\n",
       "      <th>11</th>\n",
       "    </tr>\n",
       "  </thead>\n",
       "  <tbody>\n",
       "    <tr>\n",
       "      <th>0</th>\n",
       "      <td>0.000000</td>\n",
       "      <td>0.473409</td>\n",
       "      <td>1.010917</td>\n",
       "      <td>1.639885</td>\n",
       "      <td>2.090720</td>\n",
       "      <td>2.443600</td>\n",
       "      <td>2.984032</td>\n",
       "      <td>3.395592</td>\n",
       "      <td>4.251598</td>\n",
       "      <td>4.827636</td>\n",
       "      <td>5.506629</td>\n",
       "      <td>6.002318</td>\n",
       "    </tr>\n",
       "    <tr>\n",
       "      <th>1</th>\n",
       "      <td>-0.473409</td>\n",
       "      <td>0.000000</td>\n",
       "      <td>0.537509</td>\n",
       "      <td>1.166477</td>\n",
       "      <td>1.617311</td>\n",
       "      <td>1.970191</td>\n",
       "      <td>2.510623</td>\n",
       "      <td>2.922183</td>\n",
       "      <td>3.778189</td>\n",
       "      <td>4.354227</td>\n",
       "      <td>5.033220</td>\n",
       "      <td>5.528909</td>\n",
       "    </tr>\n",
       "    <tr>\n",
       "      <th>2</th>\n",
       "      <td>-1.010917</td>\n",
       "      <td>-0.537509</td>\n",
       "      <td>0.000000</td>\n",
       "      <td>0.628968</td>\n",
       "      <td>1.079802</td>\n",
       "      <td>1.432683</td>\n",
       "      <td>1.973115</td>\n",
       "      <td>2.384674</td>\n",
       "      <td>3.240681</td>\n",
       "      <td>3.816718</td>\n",
       "      <td>4.495712</td>\n",
       "      <td>4.991401</td>\n",
       "    </tr>\n",
       "    <tr>\n",
       "      <th>3</th>\n",
       "      <td>-1.639885</td>\n",
       "      <td>-1.166477</td>\n",
       "      <td>-0.628968</td>\n",
       "      <td>0.000000</td>\n",
       "      <td>0.450834</td>\n",
       "      <td>0.803715</td>\n",
       "      <td>1.344147</td>\n",
       "      <td>1.755707</td>\n",
       "      <td>2.611713</td>\n",
       "      <td>3.187750</td>\n",
       "      <td>3.866744</td>\n",
       "      <td>4.362433</td>\n",
       "    </tr>\n",
       "    <tr>\n",
       "      <th>4</th>\n",
       "      <td>-2.090720</td>\n",
       "      <td>-1.617311</td>\n",
       "      <td>-1.079802</td>\n",
       "      <td>-0.450834</td>\n",
       "      <td>0.000000</td>\n",
       "      <td>0.352881</td>\n",
       "      <td>0.893313</td>\n",
       "      <td>1.304872</td>\n",
       "      <td>2.160879</td>\n",
       "      <td>2.736916</td>\n",
       "      <td>3.415910</td>\n",
       "      <td>3.911598</td>\n",
       "    </tr>\n",
       "    <tr>\n",
       "      <th>5</th>\n",
       "      <td>-2.443600</td>\n",
       "      <td>-1.970191</td>\n",
       "      <td>-1.432683</td>\n",
       "      <td>-0.803715</td>\n",
       "      <td>-0.352881</td>\n",
       "      <td>0.000000</td>\n",
       "      <td>0.540432</td>\n",
       "      <td>0.951992</td>\n",
       "      <td>1.807998</td>\n",
       "      <td>2.384035</td>\n",
       "      <td>3.063029</td>\n",
       "      <td>3.558718</td>\n",
       "    </tr>\n",
       "    <tr>\n",
       "      <th>6</th>\n",
       "      <td>-2.984032</td>\n",
       "      <td>-2.510623</td>\n",
       "      <td>-1.973115</td>\n",
       "      <td>-1.344147</td>\n",
       "      <td>-0.893313</td>\n",
       "      <td>-0.540432</td>\n",
       "      <td>0.000000</td>\n",
       "      <td>0.411560</td>\n",
       "      <td>1.267566</td>\n",
       "      <td>1.843603</td>\n",
       "      <td>2.522597</td>\n",
       "      <td>3.018286</td>\n",
       "    </tr>\n",
       "    <tr>\n",
       "      <th>7</th>\n",
       "      <td>-3.395592</td>\n",
       "      <td>-2.922183</td>\n",
       "      <td>-2.384674</td>\n",
       "      <td>-1.755707</td>\n",
       "      <td>-1.304872</td>\n",
       "      <td>-0.951992</td>\n",
       "      <td>-0.411560</td>\n",
       "      <td>0.000000</td>\n",
       "      <td>0.856006</td>\n",
       "      <td>1.432044</td>\n",
       "      <td>2.111037</td>\n",
       "      <td>2.606726</td>\n",
       "    </tr>\n",
       "    <tr>\n",
       "      <th>8</th>\n",
       "      <td>-4.251598</td>\n",
       "      <td>-3.778189</td>\n",
       "      <td>-3.240681</td>\n",
       "      <td>-2.611713</td>\n",
       "      <td>-2.160879</td>\n",
       "      <td>-1.807998</td>\n",
       "      <td>-1.267566</td>\n",
       "      <td>-0.856006</td>\n",
       "      <td>0.000000</td>\n",
       "      <td>0.576038</td>\n",
       "      <td>1.255031</td>\n",
       "      <td>1.750720</td>\n",
       "    </tr>\n",
       "    <tr>\n",
       "      <th>9</th>\n",
       "      <td>-4.827636</td>\n",
       "      <td>-4.354227</td>\n",
       "      <td>-3.816718</td>\n",
       "      <td>-3.187750</td>\n",
       "      <td>-2.736916</td>\n",
       "      <td>-2.384035</td>\n",
       "      <td>-1.843603</td>\n",
       "      <td>-1.432044</td>\n",
       "      <td>-0.576038</td>\n",
       "      <td>0.000000</td>\n",
       "      <td>0.678994</td>\n",
       "      <td>1.174682</td>\n",
       "    </tr>\n",
       "    <tr>\n",
       "      <th>10</th>\n",
       "      <td>-5.506629</td>\n",
       "      <td>-5.033220</td>\n",
       "      <td>-4.495712</td>\n",
       "      <td>-3.866744</td>\n",
       "      <td>-3.415910</td>\n",
       "      <td>-3.063029</td>\n",
       "      <td>-2.522597</td>\n",
       "      <td>-2.111037</td>\n",
       "      <td>-1.255031</td>\n",
       "      <td>-0.678994</td>\n",
       "      <td>0.000000</td>\n",
       "      <td>0.495689</td>\n",
       "    </tr>\n",
       "    <tr>\n",
       "      <th>11</th>\n",
       "      <td>-6.002318</td>\n",
       "      <td>-5.528909</td>\n",
       "      <td>-4.991401</td>\n",
       "      <td>-4.362433</td>\n",
       "      <td>-3.911598</td>\n",
       "      <td>-3.558718</td>\n",
       "      <td>-3.018286</td>\n",
       "      <td>-2.606726</td>\n",
       "      <td>-1.750720</td>\n",
       "      <td>-1.174682</td>\n",
       "      <td>-0.495689</td>\n",
       "      <td>0.000000</td>\n",
       "    </tr>\n",
       "  </tbody>\n",
       "</table>\n",
       "</div>"
      ],
      "text/plain": [
       "          0         1         2         3         4         5         6   \\\n",
       "0   0.000000  0.473409  1.010917  1.639885  2.090720  2.443600  2.984032   \n",
       "1  -0.473409  0.000000  0.537509  1.166477  1.617311  1.970191  2.510623   \n",
       "2  -1.010917 -0.537509  0.000000  0.628968  1.079802  1.432683  1.973115   \n",
       "3  -1.639885 -1.166477 -0.628968  0.000000  0.450834  0.803715  1.344147   \n",
       "4  -2.090720 -1.617311 -1.079802 -0.450834  0.000000  0.352881  0.893313   \n",
       "5  -2.443600 -1.970191 -1.432683 -0.803715 -0.352881  0.000000  0.540432   \n",
       "6  -2.984032 -2.510623 -1.973115 -1.344147 -0.893313 -0.540432  0.000000   \n",
       "7  -3.395592 -2.922183 -2.384674 -1.755707 -1.304872 -0.951992 -0.411560   \n",
       "8  -4.251598 -3.778189 -3.240681 -2.611713 -2.160879 -1.807998 -1.267566   \n",
       "9  -4.827636 -4.354227 -3.816718 -3.187750 -2.736916 -2.384035 -1.843603   \n",
       "10 -5.506629 -5.033220 -4.495712 -3.866744 -3.415910 -3.063029 -2.522597   \n",
       "11 -6.002318 -5.528909 -4.991401 -4.362433 -3.911598 -3.558718 -3.018286   \n",
       "\n",
       "          7         8         9         10        11  \n",
       "0   3.395592  4.251598  4.827636  5.506629  6.002318  \n",
       "1   2.922183  3.778189  4.354227  5.033220  5.528909  \n",
       "2   2.384674  3.240681  3.816718  4.495712  4.991401  \n",
       "3   1.755707  2.611713  3.187750  3.866744  4.362433  \n",
       "4   1.304872  2.160879  2.736916  3.415910  3.911598  \n",
       "5   0.951992  1.807998  2.384035  3.063029  3.558718  \n",
       "6   0.411560  1.267566  1.843603  2.522597  3.018286  \n",
       "7   0.000000  0.856006  1.432044  2.111037  2.606726  \n",
       "8  -0.856006  0.000000  0.576038  1.255031  1.750720  \n",
       "9  -1.432044 -0.576038  0.000000  0.678994  1.174682  \n",
       "10 -2.111037 -1.255031 -0.678994  0.000000  0.495689  \n",
       "11 -2.606726 -1.750720 -1.174682 -0.495689  0.000000  "
      ]
     },
     "execution_count": 15,
     "metadata": {},
     "output_type": "execute_result"
    }
   ],
   "source": [
    "pd.DataFrame(Delta_f_ij * 0.596)"
   ]
  },
  {
   "cell_type": "code",
   "execution_count": 16,
   "metadata": {},
   "outputs": [
    {
     "data": {
      "text/html": [
       "<div>\n",
       "<style scoped>\n",
       "    .dataframe tbody tr th:only-of-type {\n",
       "        vertical-align: middle;\n",
       "    }\n",
       "\n",
       "    .dataframe tbody tr th {\n",
       "        vertical-align: top;\n",
       "    }\n",
       "\n",
       "    .dataframe thead th {\n",
       "        text-align: right;\n",
       "    }\n",
       "</style>\n",
       "<table border=\"1\" class=\"dataframe\">\n",
       "  <thead>\n",
       "    <tr style=\"text-align: right;\">\n",
       "      <th></th>\n",
       "      <th>0</th>\n",
       "      <th>1</th>\n",
       "      <th>2</th>\n",
       "      <th>3</th>\n",
       "      <th>4</th>\n",
       "      <th>5</th>\n",
       "      <th>6</th>\n",
       "      <th>7</th>\n",
       "      <th>8</th>\n",
       "      <th>9</th>\n",
       "      <th>10</th>\n",
       "      <th>11</th>\n",
       "    </tr>\n",
       "  </thead>\n",
       "  <tbody>\n",
       "    <tr>\n",
       "      <th>0</th>\n",
       "      <td>0.345</td>\n",
       "      <td>0.259</td>\n",
       "      <td>0.171</td>\n",
       "      <td>0.093</td>\n",
       "      <td>0.056</td>\n",
       "      <td>0.037</td>\n",
       "      <td>0.019</td>\n",
       "      <td>0.012</td>\n",
       "      <td>0.004</td>\n",
       "      <td>0.002</td>\n",
       "      <td>0.001</td>\n",
       "      <td>0.000</td>\n",
       "    </tr>\n",
       "    <tr>\n",
       "      <th>1</th>\n",
       "      <td>0.259</td>\n",
       "      <td>0.230</td>\n",
       "      <td>0.183</td>\n",
       "      <td>0.120</td>\n",
       "      <td>0.082</td>\n",
       "      <td>0.058</td>\n",
       "      <td>0.033</td>\n",
       "      <td>0.021</td>\n",
       "      <td>0.008</td>\n",
       "      <td>0.004</td>\n",
       "      <td>0.002</td>\n",
       "      <td>0.001</td>\n",
       "    </tr>\n",
       "    <tr>\n",
       "      <th>2</th>\n",
       "      <td>0.171</td>\n",
       "      <td>0.183</td>\n",
       "      <td>0.177</td>\n",
       "      <td>0.144</td>\n",
       "      <td>0.113</td>\n",
       "      <td>0.088</td>\n",
       "      <td>0.057</td>\n",
       "      <td>0.039</td>\n",
       "      <td>0.016</td>\n",
       "      <td>0.008</td>\n",
       "      <td>0.004</td>\n",
       "      <td>0.002</td>\n",
       "    </tr>\n",
       "    <tr>\n",
       "      <th>3</th>\n",
       "      <td>0.093</td>\n",
       "      <td>0.120</td>\n",
       "      <td>0.144</td>\n",
       "      <td>0.152</td>\n",
       "      <td>0.140</td>\n",
       "      <td>0.123</td>\n",
       "      <td>0.093</td>\n",
       "      <td>0.070</td>\n",
       "      <td>0.033</td>\n",
       "      <td>0.018</td>\n",
       "      <td>0.009</td>\n",
       "      <td>0.005</td>\n",
       "    </tr>\n",
       "    <tr>\n",
       "      <th>4</th>\n",
       "      <td>0.056</td>\n",
       "      <td>0.082</td>\n",
       "      <td>0.113</td>\n",
       "      <td>0.140</td>\n",
       "      <td>0.145</td>\n",
       "      <td>0.140</td>\n",
       "      <td>0.119</td>\n",
       "      <td>0.097</td>\n",
       "      <td>0.053</td>\n",
       "      <td>0.031</td>\n",
       "      <td>0.016</td>\n",
       "      <td>0.009</td>\n",
       "    </tr>\n",
       "    <tr>\n",
       "      <th>5</th>\n",
       "      <td>0.037</td>\n",
       "      <td>0.058</td>\n",
       "      <td>0.088</td>\n",
       "      <td>0.123</td>\n",
       "      <td>0.140</td>\n",
       "      <td>0.144</td>\n",
       "      <td>0.135</td>\n",
       "      <td>0.118</td>\n",
       "      <td>0.072</td>\n",
       "      <td>0.046</td>\n",
       "      <td>0.024</td>\n",
       "      <td>0.015</td>\n",
       "    </tr>\n",
       "    <tr>\n",
       "      <th>6</th>\n",
       "      <td>0.019</td>\n",
       "      <td>0.033</td>\n",
       "      <td>0.057</td>\n",
       "      <td>0.093</td>\n",
       "      <td>0.119</td>\n",
       "      <td>0.135</td>\n",
       "      <td>0.146</td>\n",
       "      <td>0.142</td>\n",
       "      <td>0.107</td>\n",
       "      <td>0.075</td>\n",
       "      <td>0.045</td>\n",
       "      <td>0.030</td>\n",
       "    </tr>\n",
       "    <tr>\n",
       "      <th>7</th>\n",
       "      <td>0.012</td>\n",
       "      <td>0.021</td>\n",
       "      <td>0.039</td>\n",
       "      <td>0.070</td>\n",
       "      <td>0.097</td>\n",
       "      <td>0.118</td>\n",
       "      <td>0.142</td>\n",
       "      <td>0.150</td>\n",
       "      <td>0.132</td>\n",
       "      <td>0.103</td>\n",
       "      <td>0.068</td>\n",
       "      <td>0.048</td>\n",
       "    </tr>\n",
       "    <tr>\n",
       "      <th>8</th>\n",
       "      <td>0.004</td>\n",
       "      <td>0.008</td>\n",
       "      <td>0.016</td>\n",
       "      <td>0.033</td>\n",
       "      <td>0.053</td>\n",
       "      <td>0.072</td>\n",
       "      <td>0.107</td>\n",
       "      <td>0.132</td>\n",
       "      <td>0.165</td>\n",
       "      <td>0.161</td>\n",
       "      <td>0.136</td>\n",
       "      <td>0.113</td>\n",
       "    </tr>\n",
       "    <tr>\n",
       "      <th>9</th>\n",
       "      <td>0.002</td>\n",
       "      <td>0.004</td>\n",
       "      <td>0.008</td>\n",
       "      <td>0.018</td>\n",
       "      <td>0.031</td>\n",
       "      <td>0.046</td>\n",
       "      <td>0.075</td>\n",
       "      <td>0.103</td>\n",
       "      <td>0.161</td>\n",
       "      <td>0.185</td>\n",
       "      <td>0.189</td>\n",
       "      <td>0.177</td>\n",
       "    </tr>\n",
       "    <tr>\n",
       "      <th>10</th>\n",
       "      <td>0.001</td>\n",
       "      <td>0.002</td>\n",
       "      <td>0.004</td>\n",
       "      <td>0.009</td>\n",
       "      <td>0.016</td>\n",
       "      <td>0.024</td>\n",
       "      <td>0.045</td>\n",
       "      <td>0.068</td>\n",
       "      <td>0.136</td>\n",
       "      <td>0.189</td>\n",
       "      <td>0.241</td>\n",
       "      <td>0.267</td>\n",
       "    </tr>\n",
       "    <tr>\n",
       "      <th>11</th>\n",
       "      <td>0.000</td>\n",
       "      <td>0.001</td>\n",
       "      <td>0.002</td>\n",
       "      <td>0.005</td>\n",
       "      <td>0.009</td>\n",
       "      <td>0.015</td>\n",
       "      <td>0.030</td>\n",
       "      <td>0.048</td>\n",
       "      <td>0.113</td>\n",
       "      <td>0.177</td>\n",
       "      <td>0.267</td>\n",
       "      <td>0.333</td>\n",
       "    </tr>\n",
       "  </tbody>\n",
       "</table>\n",
       "</div>"
      ],
      "text/plain": [
       "       0      1      2      3      4      5      6      7      8      9   \\\n",
       "0   0.345  0.259  0.171  0.093  0.056  0.037  0.019  0.012  0.004  0.002   \n",
       "1   0.259  0.230  0.183  0.120  0.082  0.058  0.033  0.021  0.008  0.004   \n",
       "2   0.171  0.183  0.177  0.144  0.113  0.088  0.057  0.039  0.016  0.008   \n",
       "3   0.093  0.120  0.144  0.152  0.140  0.123  0.093  0.070  0.033  0.018   \n",
       "4   0.056  0.082  0.113  0.140  0.145  0.140  0.119  0.097  0.053  0.031   \n",
       "5   0.037  0.058  0.088  0.123  0.140  0.144  0.135  0.118  0.072  0.046   \n",
       "6   0.019  0.033  0.057  0.093  0.119  0.135  0.146  0.142  0.107  0.075   \n",
       "7   0.012  0.021  0.039  0.070  0.097  0.118  0.142  0.150  0.132  0.103   \n",
       "8   0.004  0.008  0.016  0.033  0.053  0.072  0.107  0.132  0.165  0.161   \n",
       "9   0.002  0.004  0.008  0.018  0.031  0.046  0.075  0.103  0.161  0.185   \n",
       "10  0.001  0.002  0.004  0.009  0.016  0.024  0.045  0.068  0.136  0.189   \n",
       "11  0.000  0.001  0.002  0.005  0.009  0.015  0.030  0.048  0.113  0.177   \n",
       "\n",
       "       10     11  \n",
       "0   0.001  0.000  \n",
       "1   0.002  0.001  \n",
       "2   0.004  0.002  \n",
       "3   0.009  0.005  \n",
       "4   0.016  0.009  \n",
       "5   0.024  0.015  \n",
       "6   0.045  0.030  \n",
       "7   0.068  0.048  \n",
       "8   0.136  0.113  \n",
       "9   0.189  0.177  \n",
       "10  0.241  0.267  \n",
       "11  0.267  0.333  "
      ]
     },
     "execution_count": 16,
     "metadata": {},
     "output_type": "execute_result"
    }
   ],
   "source": [
    "O_ij = mbar.computeOverlap()['matrix']\n",
    "np.savetxt('../restraint_overlap.txt',O_ij,fmt='%.8f')\n",
    "O_ij.round(decimals=3, out=O_ij)\n",
    "pd.DataFrame(O_ij)"
   ]
  },
  {
   "cell_type": "code",
   "execution_count": 17,
   "metadata": {},
   "outputs": [
    {
     "data": {
      "text/plain": [
       "array([[0.        , 0.00871004, 0.01649676, 0.02359693, 0.02759416,\n",
       "        0.03021215, 0.03364135, 0.03601275, 0.04081088, 0.04399281,\n",
       "        0.04761932, 0.05031266],\n",
       "       [0.00871004, 0.        , 0.00840246, 0.01660298, 0.02135896,\n",
       "        0.02448436, 0.02853863, 0.03129116, 0.03671495, 0.0402239 ,\n",
       "        0.04416155, 0.04705328],\n",
       "       [0.01649676, 0.00840246, 0.        , 0.00891678, 0.01440655,\n",
       "        0.01811448, 0.02297159, 0.02624096, 0.03250041, 0.03642065,\n",
       "        0.04072959, 0.04384863],\n",
       "       [0.02359693, 0.01660298, 0.00891678, 0.        , 0.00598499,\n",
       "        0.01026226, 0.01610311, 0.02009783, 0.02759141, 0.03210513,\n",
       "        0.03692345, 0.04033935],\n",
       "       [0.02759416, 0.02135896, 0.01440655, 0.00598499, 0.        ,\n",
       "        0.00448376, 0.01088817, 0.01540348, 0.02390947, 0.02893867,\n",
       "        0.03419601, 0.03785983],\n",
       "       [0.03021215, 0.02448436, 0.01811448, 0.01026226, 0.00448376,\n",
       "        0.        , 0.00666038, 0.01151156, 0.0208103 , 0.02629307,\n",
       "        0.03195262, 0.03584418],\n",
       "       [0.03364135, 0.02853863, 0.02297159, 0.01610311, 0.01088817,\n",
       "        0.00666038, 0.        , 0.00514011, 0.01548188, 0.02171189,\n",
       "        0.02810732, 0.03243474],\n",
       "       [0.03601275, 0.03129116, 0.02624096, 0.02009783, 0.01540348,\n",
       "        0.01151156, 0.00514011, 0.        , 0.01086188, 0.01764771,\n",
       "        0.02469442, 0.02944473],\n",
       "       [0.04081088, 0.03671495, 0.03250041, 0.02759141, 0.02390947,\n",
       "        0.0208103 , 0.01548188, 0.01086188, 0.        , 0.00756971,\n",
       "        0.01599928, 0.02186597],\n",
       "       [0.04399281, 0.0402239 , 0.03642065, 0.03210513, 0.02893867,\n",
       "        0.02629307, 0.02171189, 0.01764771, 0.00756971, 0.        ,\n",
       "        0.00904578, 0.01568657],\n",
       "       [0.04761932, 0.04416155, 0.04072959, 0.03692345, 0.03419601,\n",
       "        0.03195262, 0.02810732, 0.02469442, 0.01599928, 0.00904578,\n",
       "        0.        , 0.00722035],\n",
       "       [0.05031266, 0.04705328, 0.04384863, 0.04033935, 0.03785983,\n",
       "        0.03584418, 0.03243474, 0.02944473, 0.02186597, 0.01568657,\n",
       "        0.00722035, 0.        ]])"
      ]
     },
     "execution_count": 17,
     "metadata": {},
     "output_type": "execute_result"
    }
   ],
   "source": [
    "dDelta_f_ij"
   ]
  },
  {
   "cell_type": "code",
   "execution_count": null,
   "metadata": {},
   "outputs": [],
   "source": []
  }
 ],
 "metadata": {
  "kernelspec": {
   "display_name": "Python 3.6.8 64-bit",
   "language": "python",
   "name": "python3"
  },
  "language_info": {
   "codemirror_mode": {
    "name": "ipython",
    "version": 3
   },
   "file_extension": ".py",
   "mimetype": "text/x-python",
   "name": "python",
   "nbconvert_exporter": "python",
   "pygments_lexer": "ipython3",
   "version": "3.6.8"
  },
  "orig_nbformat": 4,
  "vscode": {
   "interpreter": {
    "hash": "916dbcbb3f70747c44a77c7bcd40155683ae19c65e1c03b4aa3499c5328201f1"
   }
  }
 },
 "nbformat": 4,
 "nbformat_minor": 2
}
