{
 "cells": [
  {
   "cell_type": "code",
   "execution_count": 1,
   "metadata": {},
   "outputs": [],
   "source": [
    "import math\n",
    "import numpy as np\n",
    "import os\n",
    "from pymbar import MBAR\n",
    "\n",
    "top_dir = os.getcwd()\n",
    "\n",
    "#===================================================================================================\n",
    "# INPUTS\n",
    "#===================================================================================================\n",
    "\n",
    "K = 8.314472 * 0.001  # Gas constant in kJ/mol/K    kJ/mol/K\n",
    "V = 1661              # average volume per molecule for a reference concentration of  is 1.661 x 10^3 Å^3/molecule.\n",
    "\n",
    "T      = 300.0          # Temperature in Kelvin\n",
    "\n",
    "r0      = 0       # Distance in A\n",
    "thA_0   = 0     # Angle in degrees (protein)\n",
    "thB_0   = 0     # Angle in degrees (ligand)\n",
    "\n",
    "#  kcal * 4.186 ---->  kJ\n",
    "#\n",
    "# AMBER restraint = k * d_x ^ 2, boresch u = 1/2 * k * d_x ^ 2\n",
    "# \n",
    "# BORESCH FORMULA\n",
    "K_r    = 2 * 10 * 4.186      # force constant for distance (kJ/mol/A^2)  \n",
    "K_thA  = 2 * 100 * 4.186     # force constant for angle    (kJ/mol/rad^2)\n",
    "K_thB  = 2 * 100 * 4.186     # force constant for angle    (kJ/mol/rad^2)\n",
    "K_phiA = 2 * 100 * 4.186     # force constant for dihedral (kJ/mol/rad^2)\n",
    "K_phiB = 2 * 100 * 4.186     # force constant for dihedral (kJ/mol/rad^2)\n",
    "K_phiC = 2 * 100 * 4.186     # force constant for dihedral (kJ/mol/rad^2)\n",
    "\n",
    "# ROUX FORMULA\n",
    "K_dist    = 2 * 10 * 4.186     # force constant for distance    (kJ/mol/A^2)  \n",
    "K_ang     = 2 * 100 * 4.186    # force constant for angle       (kJ/mol/rad^2)\n",
    "K_rotate  = 2 * 100 * 4.186    # force constant for dihedral    (kJ/mol/rad^2)\n",
    "\n",
    "# AMBER RESTRAINT CONSTANT\n",
    "K_DIST      = 10           # force constant for distance    (kcal/mol/A^2)  \n",
    "K_ANG       = 100          # force constant for angle       (kcal/mol/rad^2)\n",
    "K_ROTATE    = 100          # force constant for dihedral    (kcal/mol/rad^2)"
   ]
  },
  {
   "cell_type": "code",
   "execution_count": 2,
   "metadata": {},
   "outputs": [],
   "source": [
    "# read in balanced values\n",
    "with open('./init_structure/Boresch_restraint.tmpl','r') as f:\n",
    "    lines = [line for line in f.readlines() if line.strip()]\n",
    "    r0 = float(lines[1].split()[1].split('=')[1].strip(','))\n",
    "    thA_0 = float(lines[5].split()[1].split('=')[1].strip(','))\n",
    "    thB_0 = float(lines[9].split()[1].split('=')[1].strip(','))\n",
    "    dihedral_P_0 = float(lines[13].split()[1].split('=')[1].strip(','))\n",
    "    dihedral_M_0 = float(lines[17].split()[1].split('=')[1].strip(','))\n",
    "    dihedral_L_0 = float(lines[21].split()[1].split('=')[1].strip(','))"
   ]
  },
  {
   "cell_type": "code",
   "execution_count": 3,
   "metadata": {},
   "outputs": [],
   "source": [
    "#===================================================================================================\n",
    "# BORESCH FORMULA\n",
    "#===================================================================================================\n",
    "\n",
    "thA = math.radians(thA_0)  # convert angle from degrees to radians --> math.sin() wants radians\n",
    "thB = math.radians(thB_0)  # convert angle from degrees to radians --> math.sin() wants radians\n",
    "\n",
    "arg =(\n",
    "    (8.0 * math.pi**2.0 * V) / (r0**2.0 * math.sin(thA) * math.sin(thB)) \n",
    "    * \n",
    "    (\n",
    "        ( (K_r * K_thA * K_thB * K_phiA * K_phiB * K_phiC)**0.5 ) / ( (2.0 * math.pi * K * T)**(3.0) )\n",
    "    )\n",
    ")"
   ]
  },
  {
   "cell_type": "code",
   "execution_count": 4,
   "metadata": {},
   "outputs": [
    {
     "name": "stdout",
     "output_type": "stream",
     "text": [
      "dG_off =  -12.115 kcal/mol\n",
      "dG_on  =   12.115 kcal/mol\n"
     ]
    }
   ],
   "source": [
    "dG = - K * T * math.log(arg)\n",
    "\n",
    "print (\"dG_off = %8.3f kcal/mol\" %(dG/4.186))\n",
    "print (\"dG_on  = %8.3f kcal/mol\" %(-dG/4.186))\n",
    "# 1 kcal = 4.186 KJ"
   ]
  },
  {
   "cell_type": "code",
   "execution_count": 5,
   "metadata": {},
   "outputs": [],
   "source": [
    "#===================================================================================================\n",
    "# ROUX FORMULA\n",
    "#===================================================================================================\n",
    "\n",
    "thA = math.radians(thA_0)  # convert angle from degrees to radians --> math.sin() wants radians\n",
    "thB = math.radians(thB_0)  # convert angle from degrees to radians --> math.sin() wants radians\n",
    "\n",
    "Ft = r0 ** 2 * math.sin(thA) * ((2.0 * math.pi * K * T)**(3.0) / (K_dist * K_ang ** 2)) ** 0.5\n",
    "\n",
    "Fr = math.sin(thB) * (2.0 * math.pi * K * T / K_rotate) ** 1.5 / (8 * math.pi ** 2)"
   ]
  },
  {
   "cell_type": "code",
   "execution_count": 6,
   "metadata": {},
   "outputs": [
    {
     "name": "stdout",
     "output_type": "stream",
     "text": [
      "dG = 12.115 kcal/mol\n"
     ]
    }
   ],
   "source": [
    "dG = - K * T * math.log(Ft / V * Fr)\n",
    "print (f\"dG = {dG/4.186:.3f} kcal/mol\")"
   ]
  },
  {
   "cell_type": "code",
   "execution_count": 7,
   "metadata": {},
   "outputs": [
    {
     "name": "stdout",
     "output_type": "stream",
     "text": [
      "['NMR', 'restraints:', 'Bond', '=', '3.051', 'Angle', '=', '22.480', 'Torsion', '=', '13.093']\n"
     ]
    }
   ],
   "source": [
    "data_dir = './complex_1_10_100_100/post_processing'\n",
    "#restraints = ['Distance', 'Angle_P', 'Angle_L', 'Dihedral_P','Dihedral_M','Dihedral_L']\n",
    "mbar_energy = []\n",
    "with open(f'{data_dir}/fort.7','r') as f:\n",
    "    lines = [line for line in f.readlines() if line.startswith(' NMR')]\n",
    "    print(lines[0].split())\n",
    "    for line in lines:\n",
    "        energy = float(line.split()[4]) + float(line.split()[7]) + float(line.split()[10])\n",
    "        mbar_energy.append(energy)\n",
    "mbar_state_1_0 = np.array(mbar_energy)"
   ]
  },
  {
   "cell_type": "code",
   "execution_count": 8,
   "metadata": {},
   "outputs": [],
   "source": [
    "states = [ 0.0, 0.01, 0.025, 0.05, 0.075, 0.1, 0.15, 0.2, 0.35, 0.5, 0.75, 1.0]"
   ]
  },
  {
   "cell_type": "code",
   "execution_count": 9,
   "metadata": {},
   "outputs": [],
   "source": [
    "beta = 1.0 / (300 * 1.380649e-23 )\n",
    "# (RESTRAINT * 4.186 * 1000 / 6.02214076e23) * beta\n",
    "u_kn = [mbar_state_1_0 * 4.186 * 1000 / 6.02214076e23 * beta * state for state in states]"
   ]
  },
  {
   "cell_type": "code",
   "execution_count": 10,
   "metadata": {},
   "outputs": [],
   "source": [
    "mbar_energy = np.array(u_kn)"
   ]
  },
  {
   "cell_type": "code",
   "execution_count": 11,
   "metadata": {},
   "outputs": [],
   "source": [
    "N_k = np.full(len(states),1000,dtype=np.int32)"
   ]
  },
  {
   "cell_type": "code",
   "execution_count": 12,
   "metadata": {},
   "outputs": [],
   "source": [
    "from pymbar import MBAR"
   ]
  },
  {
   "cell_type": "code",
   "execution_count": 13,
   "metadata": {},
   "outputs": [],
   "source": [
    "mbar = MBAR(u_kn,N_k)"
   ]
  },
  {
   "cell_type": "code",
   "execution_count": 14,
   "metadata": {},
   "outputs": [],
   "source": [
    "Delta_f_ij, dDelta_f_ij, Theta_ij = mbar.getFreeEnergyDifferences(return_theta=True)"
   ]
  },
  {
   "cell_type": "code",
   "execution_count": 15,
   "metadata": {},
   "outputs": [
    {
     "data": {
      "text/plain": [
       "array([[0.        , 0.00513006, 0.0095153 , 0.01372058, 0.01632013,\n",
       "        0.01818238, 0.02086369, 0.0228555 , 0.02709622, 0.0301374 ,\n",
       "        0.03400275, 0.03714743],\n",
       "       [0.00513006, 0.        , 0.00465145, 0.00930736, 0.0122631 ,\n",
       "        0.0144038 , 0.01749016, 0.01976394, 0.02450854, 0.02783016,\n",
       "        0.03197577, 0.0353019 ],\n",
       "       [0.0095153 , 0.00465145, 0.        , 0.00490534, 0.00815032,\n",
       "        0.01055413, 0.01406303, 0.01664878, 0.021965  , 0.02560184,\n",
       "        0.03005329, 0.0335708 ],\n",
       "       [0.01372058, 0.00930736, 0.00490534, 0.        , 0.0034231 ,\n",
       "        0.00604992, 0.00998909, 0.01293234, 0.01896144, 0.02300864,\n",
       "        0.02785744, 0.03161839],\n",
       "       [0.01632013, 0.0122631 , 0.00815032, 0.0034231 , 0.        ,\n",
       "        0.00270253, 0.00686313, 0.01003269, 0.01658721, 0.02096827,\n",
       "        0.02615217, 0.03011948],\n",
       "       [0.01818238, 0.0144038 , 0.01055413, 0.00604992, 0.00270253,\n",
       "        0.        , 0.00425855, 0.0075683 , 0.0145177 , 0.01918183,\n",
       "        0.02466625, 0.02882339],\n",
       "       [0.02086369, 0.01749016, 0.01406303, 0.00998909, 0.00686313,\n",
       "        0.00425855, 0.        , 0.00343103, 0.01089448, 0.01600865,\n",
       "        0.02202072, 0.02653044],\n",
       "       [0.0228555 , 0.01976394, 0.01664878, 0.01293234, 0.01003269,\n",
       "        0.0075683 , 0.00343103, 0.        , 0.00772436, 0.01316363,\n",
       "        0.01961988, 0.02445471],\n",
       "       [0.02709622, 0.02450854, 0.021965  , 0.01896144, 0.01658721,\n",
       "        0.0145177 , 0.01089448, 0.00772436, 0.        , 0.0058934 ,\n",
       "        0.01325245, 0.01889685],\n",
       "       [0.0301374 , 0.02783016, 0.02560184, 0.02300864, 0.02096827,\n",
       "        0.01918183, 0.01600865, 0.01316363, 0.0058934 , 0.        ,\n",
       "        0.00776338, 0.01396023],\n",
       "       [0.03400275, 0.03197577, 0.03005329, 0.02785744, 0.02615217,\n",
       "        0.02466625, 0.02202072, 0.01961988, 0.01325245, 0.00776338,\n",
       "        0.        , 0.00662496],\n",
       "       [0.03714743, 0.0353019 , 0.0335708 , 0.03161839, 0.03011948,\n",
       "        0.02882339, 0.02653044, 0.02445471, 0.01889685, 0.01396023,\n",
       "        0.00662496, 0.        ]])"
      ]
     },
     "execution_count": 15,
     "metadata": {},
     "output_type": "execute_result"
    }
   ],
   "source": [
    "dDelta_f_ij"
   ]
  },
  {
   "cell_type": "code",
   "execution_count": 16,
   "metadata": {},
   "outputs": [
    {
     "name": "stdout",
     "output_type": "stream",
     "text": [
      "Delta_f_ij.shape: (12, 12)\n",
      "Restraint energy : 4.473 ± 0.022 Kcal/mol\n"
     ]
    }
   ],
   "source": [
    "print('Delta_f_ij.shape:',Delta_f_ij.shape)\n",
    "print(f\"Restraint energy : {Delta_f_ij[0,-1] / beta / 1000 / 4.186 * 6.02214076e23:.3f} ± {dDelta_f_ij[0,-1] / beta / 1000 / 4.186 * 6.02214076e23:.3f} Kcal/mol\")\n",
    "with open(f'{data_dir}/Restraint_energy.txt','w') as f:\n",
    "    f.write(f'Restraint energy(MBAR): {Delta_f_ij[0,-1] / beta / 1000 / 4.186 * 6.02214076e23:.3f} ± {dDelta_f_ij[0,-1] / beta / 1000 / 4.186 * 6.02214076e23:.3f} Kcal/mol\\n')\n",
    "    for i in range(11):\n",
    "        f.writelines(f'{Delta_f_ij[i][i+1] * 0.596:.3f}\\n')\n",
    "\n",
    "with open(f'{top_dir}/summary_ABFE.txt','a') as f:\n",
    "    f.write('Boresch formula analysis\\n')\n",
    "    f.write(f'\\tdG_analysis = \\t{dG/4.186:.3f} \\tkcal/mol\\n')\n",
    "    f.write('remove restraint in complex\\n')\n",
    "    f.write(f'\\t\\t-{Delta_f_ij[0,-1] / beta / 1000 / 4.186 * 6.02214076e23:.3f}\\t± {dDelta_f_ij[0,-1] / beta / 1000 / 4.186 * 6.02214076e23:.3f} \\tKcal/mol\\n')"
   ]
  },
  {
   "cell_type": "code",
   "execution_count": 17,
   "metadata": {},
   "outputs": [
    {
     "data": {
      "text/html": [
       "<div>\n",
       "<style scoped>\n",
       "    .dataframe tbody tr th:only-of-type {\n",
       "        vertical-align: middle;\n",
       "    }\n",
       "\n",
       "    .dataframe tbody tr th {\n",
       "        vertical-align: top;\n",
       "    }\n",
       "\n",
       "    .dataframe thead th {\n",
       "        text-align: right;\n",
       "    }\n",
       "</style>\n",
       "<table border=\"1\" class=\"dataframe\">\n",
       "  <thead>\n",
       "    <tr style=\"text-align: right;\">\n",
       "      <th></th>\n",
       "      <th>0</th>\n",
       "      <th>1</th>\n",
       "      <th>2</th>\n",
       "      <th>3</th>\n",
       "      <th>4</th>\n",
       "      <th>5</th>\n",
       "      <th>6</th>\n",
       "      <th>7</th>\n",
       "      <th>8</th>\n",
       "      <th>9</th>\n",
       "      <th>10</th>\n",
       "      <th>11</th>\n",
       "    </tr>\n",
       "  </thead>\n",
       "  <tbody>\n",
       "    <tr>\n",
       "      <th>0</th>\n",
       "      <td>0.000000</td>\n",
       "      <td>0.222224</td>\n",
       "      <td>0.493604</td>\n",
       "      <td>0.848898</td>\n",
       "      <td>1.132555</td>\n",
       "      <td>1.371670</td>\n",
       "      <td>1.765390</td>\n",
       "      <td>2.086161</td>\n",
       "      <td>2.808138</td>\n",
       "      <td>3.332807</td>\n",
       "      <td>3.983261</td>\n",
       "      <td>4.473542</td>\n",
       "    </tr>\n",
       "    <tr>\n",
       "      <th>1</th>\n",
       "      <td>-0.222224</td>\n",
       "      <td>0.000000</td>\n",
       "      <td>0.271380</td>\n",
       "      <td>0.626673</td>\n",
       "      <td>0.910331</td>\n",
       "      <td>1.149446</td>\n",
       "      <td>1.543166</td>\n",
       "      <td>1.863937</td>\n",
       "      <td>2.585913</td>\n",
       "      <td>3.110583</td>\n",
       "      <td>3.761037</td>\n",
       "      <td>4.251318</td>\n",
       "    </tr>\n",
       "    <tr>\n",
       "      <th>2</th>\n",
       "      <td>-0.493604</td>\n",
       "      <td>-0.271380</td>\n",
       "      <td>0.000000</td>\n",
       "      <td>0.355294</td>\n",
       "      <td>0.638951</td>\n",
       "      <td>0.878066</td>\n",
       "      <td>1.271786</td>\n",
       "      <td>1.592557</td>\n",
       "      <td>2.314534</td>\n",
       "      <td>2.839203</td>\n",
       "      <td>3.489657</td>\n",
       "      <td>3.979938</td>\n",
       "    </tr>\n",
       "    <tr>\n",
       "      <th>3</th>\n",
       "      <td>-0.848898</td>\n",
       "      <td>-0.626673</td>\n",
       "      <td>-0.355294</td>\n",
       "      <td>0.000000</td>\n",
       "      <td>0.283658</td>\n",
       "      <td>0.522772</td>\n",
       "      <td>0.916492</td>\n",
       "      <td>1.237263</td>\n",
       "      <td>1.959240</td>\n",
       "      <td>2.483909</td>\n",
       "      <td>3.134364</td>\n",
       "      <td>3.624645</td>\n",
       "    </tr>\n",
       "    <tr>\n",
       "      <th>4</th>\n",
       "      <td>-1.132555</td>\n",
       "      <td>-0.910331</td>\n",
       "      <td>-0.638951</td>\n",
       "      <td>-0.283658</td>\n",
       "      <td>0.000000</td>\n",
       "      <td>0.239115</td>\n",
       "      <td>0.632835</td>\n",
       "      <td>0.953606</td>\n",
       "      <td>1.675582</td>\n",
       "      <td>2.200252</td>\n",
       "      <td>2.850706</td>\n",
       "      <td>3.340987</td>\n",
       "    </tr>\n",
       "    <tr>\n",
       "      <th>5</th>\n",
       "      <td>-1.371670</td>\n",
       "      <td>-1.149446</td>\n",
       "      <td>-0.878066</td>\n",
       "      <td>-0.522772</td>\n",
       "      <td>-0.239115</td>\n",
       "      <td>0.000000</td>\n",
       "      <td>0.393720</td>\n",
       "      <td>0.714491</td>\n",
       "      <td>1.436468</td>\n",
       "      <td>1.961137</td>\n",
       "      <td>2.611591</td>\n",
       "      <td>3.101872</td>\n",
       "    </tr>\n",
       "    <tr>\n",
       "      <th>6</th>\n",
       "      <td>-1.765390</td>\n",
       "      <td>-1.543166</td>\n",
       "      <td>-1.271786</td>\n",
       "      <td>-0.916492</td>\n",
       "      <td>-0.632835</td>\n",
       "      <td>-0.393720</td>\n",
       "      <td>0.000000</td>\n",
       "      <td>0.320771</td>\n",
       "      <td>1.042748</td>\n",
       "      <td>1.567417</td>\n",
       "      <td>2.217871</td>\n",
       "      <td>2.708152</td>\n",
       "    </tr>\n",
       "    <tr>\n",
       "      <th>7</th>\n",
       "      <td>-2.086161</td>\n",
       "      <td>-1.863937</td>\n",
       "      <td>-1.592557</td>\n",
       "      <td>-1.237263</td>\n",
       "      <td>-0.953606</td>\n",
       "      <td>-0.714491</td>\n",
       "      <td>-0.320771</td>\n",
       "      <td>0.000000</td>\n",
       "      <td>0.721977</td>\n",
       "      <td>1.246646</td>\n",
       "      <td>1.897100</td>\n",
       "      <td>2.387381</td>\n",
       "    </tr>\n",
       "    <tr>\n",
       "      <th>8</th>\n",
       "      <td>-2.808138</td>\n",
       "      <td>-2.585913</td>\n",
       "      <td>-2.314534</td>\n",
       "      <td>-1.959240</td>\n",
       "      <td>-1.675582</td>\n",
       "      <td>-1.436468</td>\n",
       "      <td>-1.042748</td>\n",
       "      <td>-0.721977</td>\n",
       "      <td>0.000000</td>\n",
       "      <td>0.524669</td>\n",
       "      <td>1.175123</td>\n",
       "      <td>1.665404</td>\n",
       "    </tr>\n",
       "    <tr>\n",
       "      <th>9</th>\n",
       "      <td>-3.332807</td>\n",
       "      <td>-3.110583</td>\n",
       "      <td>-2.839203</td>\n",
       "      <td>-2.483909</td>\n",
       "      <td>-2.200252</td>\n",
       "      <td>-1.961137</td>\n",
       "      <td>-1.567417</td>\n",
       "      <td>-1.246646</td>\n",
       "      <td>-0.524669</td>\n",
       "      <td>0.000000</td>\n",
       "      <td>0.650454</td>\n",
       "      <td>1.140735</td>\n",
       "    </tr>\n",
       "    <tr>\n",
       "      <th>10</th>\n",
       "      <td>-3.983261</td>\n",
       "      <td>-3.761037</td>\n",
       "      <td>-3.489657</td>\n",
       "      <td>-3.134364</td>\n",
       "      <td>-2.850706</td>\n",
       "      <td>-2.611591</td>\n",
       "      <td>-2.217871</td>\n",
       "      <td>-1.897100</td>\n",
       "      <td>-1.175123</td>\n",
       "      <td>-0.650454</td>\n",
       "      <td>0.000000</td>\n",
       "      <td>0.490281</td>\n",
       "    </tr>\n",
       "    <tr>\n",
       "      <th>11</th>\n",
       "      <td>-4.473542</td>\n",
       "      <td>-4.251318</td>\n",
       "      <td>-3.979938</td>\n",
       "      <td>-3.624645</td>\n",
       "      <td>-3.340987</td>\n",
       "      <td>-3.101872</td>\n",
       "      <td>-2.708152</td>\n",
       "      <td>-2.387381</td>\n",
       "      <td>-1.665404</td>\n",
       "      <td>-1.140735</td>\n",
       "      <td>-0.490281</td>\n",
       "      <td>0.000000</td>\n",
       "    </tr>\n",
       "  </tbody>\n",
       "</table>\n",
       "</div>"
      ],
      "text/plain": [
       "          0         1         2         3         4         5         6   \\\n",
       "0   0.000000  0.222224  0.493604  0.848898  1.132555  1.371670  1.765390   \n",
       "1  -0.222224  0.000000  0.271380  0.626673  0.910331  1.149446  1.543166   \n",
       "2  -0.493604 -0.271380  0.000000  0.355294  0.638951  0.878066  1.271786   \n",
       "3  -0.848898 -0.626673 -0.355294  0.000000  0.283658  0.522772  0.916492   \n",
       "4  -1.132555 -0.910331 -0.638951 -0.283658  0.000000  0.239115  0.632835   \n",
       "5  -1.371670 -1.149446 -0.878066 -0.522772 -0.239115  0.000000  0.393720   \n",
       "6  -1.765390 -1.543166 -1.271786 -0.916492 -0.632835 -0.393720  0.000000   \n",
       "7  -2.086161 -1.863937 -1.592557 -1.237263 -0.953606 -0.714491 -0.320771   \n",
       "8  -2.808138 -2.585913 -2.314534 -1.959240 -1.675582 -1.436468 -1.042748   \n",
       "9  -3.332807 -3.110583 -2.839203 -2.483909 -2.200252 -1.961137 -1.567417   \n",
       "10 -3.983261 -3.761037 -3.489657 -3.134364 -2.850706 -2.611591 -2.217871   \n",
       "11 -4.473542 -4.251318 -3.979938 -3.624645 -3.340987 -3.101872 -2.708152   \n",
       "\n",
       "          7         8         9         10        11  \n",
       "0   2.086161  2.808138  3.332807  3.983261  4.473542  \n",
       "1   1.863937  2.585913  3.110583  3.761037  4.251318  \n",
       "2   1.592557  2.314534  2.839203  3.489657  3.979938  \n",
       "3   1.237263  1.959240  2.483909  3.134364  3.624645  \n",
       "4   0.953606  1.675582  2.200252  2.850706  3.340987  \n",
       "5   0.714491  1.436468  1.961137  2.611591  3.101872  \n",
       "6   0.320771  1.042748  1.567417  2.217871  2.708152  \n",
       "7   0.000000  0.721977  1.246646  1.897100  2.387381  \n",
       "8  -0.721977  0.000000  0.524669  1.175123  1.665404  \n",
       "9  -1.246646 -0.524669  0.000000  0.650454  1.140735  \n",
       "10 -1.897100 -1.175123 -0.650454  0.000000  0.490281  \n",
       "11 -2.387381 -1.665404 -1.140735 -0.490281  0.000000  "
      ]
     },
     "execution_count": 17,
     "metadata": {},
     "output_type": "execute_result"
    }
   ],
   "source": [
    "import pandas as pd\n",
    "pd.DataFrame(Delta_f_ij * 0.596)"
   ]
  },
  {
   "cell_type": "code",
   "execution_count": 18,
   "metadata": {},
   "outputs": [
    {
     "data": {
      "text/html": [
       "<div>\n",
       "<style scoped>\n",
       "    .dataframe tbody tr th:only-of-type {\n",
       "        vertical-align: middle;\n",
       "    }\n",
       "\n",
       "    .dataframe tbody tr th {\n",
       "        vertical-align: top;\n",
       "    }\n",
       "\n",
       "    .dataframe thead th {\n",
       "        text-align: right;\n",
       "    }\n",
       "</style>\n",
       "<table border=\"1\" class=\"dataframe\">\n",
       "  <thead>\n",
       "    <tr style=\"text-align: right;\">\n",
       "      <th></th>\n",
       "      <th>0</th>\n",
       "      <th>1</th>\n",
       "      <th>2</th>\n",
       "      <th>3</th>\n",
       "      <th>4</th>\n",
       "      <th>5</th>\n",
       "      <th>6</th>\n",
       "      <th>7</th>\n",
       "      <th>8</th>\n",
       "      <th>9</th>\n",
       "      <th>10</th>\n",
       "      <th>11</th>\n",
       "    </tr>\n",
       "  </thead>\n",
       "  <tbody>\n",
       "    <tr>\n",
       "      <th>0</th>\n",
       "      <td>0.240</td>\n",
       "      <td>0.198</td>\n",
       "      <td>0.156</td>\n",
       "      <td>0.114</td>\n",
       "      <td>0.088</td>\n",
       "      <td>0.072</td>\n",
       "      <td>0.051</td>\n",
       "      <td>0.038</td>\n",
       "      <td>0.020</td>\n",
       "      <td>0.012</td>\n",
       "      <td>0.007</td>\n",
       "      <td>0.004</td>\n",
       "    </tr>\n",
       "    <tr>\n",
       "      <th>1</th>\n",
       "      <td>0.198</td>\n",
       "      <td>0.178</td>\n",
       "      <td>0.153</td>\n",
       "      <td>0.121</td>\n",
       "      <td>0.099</td>\n",
       "      <td>0.083</td>\n",
       "      <td>0.062</td>\n",
       "      <td>0.048</td>\n",
       "      <td>0.026</td>\n",
       "      <td>0.016</td>\n",
       "      <td>0.009</td>\n",
       "      <td>0.006</td>\n",
       "    </tr>\n",
       "    <tr>\n",
       "      <th>2</th>\n",
       "      <td>0.156</td>\n",
       "      <td>0.153</td>\n",
       "      <td>0.143</td>\n",
       "      <td>0.126</td>\n",
       "      <td>0.110</td>\n",
       "      <td>0.096</td>\n",
       "      <td>0.076</td>\n",
       "      <td>0.061</td>\n",
       "      <td>0.035</td>\n",
       "      <td>0.023</td>\n",
       "      <td>0.013</td>\n",
       "      <td>0.008</td>\n",
       "    </tr>\n",
       "    <tr>\n",
       "      <th>3</th>\n",
       "      <td>0.114</td>\n",
       "      <td>0.121</td>\n",
       "      <td>0.126</td>\n",
       "      <td>0.124</td>\n",
       "      <td>0.117</td>\n",
       "      <td>0.109</td>\n",
       "      <td>0.093</td>\n",
       "      <td>0.079</td>\n",
       "      <td>0.051</td>\n",
       "      <td>0.034</td>\n",
       "      <td>0.020</td>\n",
       "      <td>0.013</td>\n",
       "    </tr>\n",
       "    <tr>\n",
       "      <th>4</th>\n",
       "      <td>0.088</td>\n",
       "      <td>0.099</td>\n",
       "      <td>0.110</td>\n",
       "      <td>0.117</td>\n",
       "      <td>0.117</td>\n",
       "      <td>0.114</td>\n",
       "      <td>0.104</td>\n",
       "      <td>0.093</td>\n",
       "      <td>0.064</td>\n",
       "      <td>0.046</td>\n",
       "      <td>0.028</td>\n",
       "      <td>0.019</td>\n",
       "    </tr>\n",
       "    <tr>\n",
       "      <th>5</th>\n",
       "      <td>0.072</td>\n",
       "      <td>0.083</td>\n",
       "      <td>0.096</td>\n",
       "      <td>0.109</td>\n",
       "      <td>0.114</td>\n",
       "      <td>0.115</td>\n",
       "      <td>0.111</td>\n",
       "      <td>0.103</td>\n",
       "      <td>0.077</td>\n",
       "      <td>0.058</td>\n",
       "      <td>0.037</td>\n",
       "      <td>0.026</td>\n",
       "    </tr>\n",
       "    <tr>\n",
       "      <th>6</th>\n",
       "      <td>0.051</td>\n",
       "      <td>0.062</td>\n",
       "      <td>0.076</td>\n",
       "      <td>0.093</td>\n",
       "      <td>0.104</td>\n",
       "      <td>0.111</td>\n",
       "      <td>0.116</td>\n",
       "      <td>0.115</td>\n",
       "      <td>0.098</td>\n",
       "      <td>0.079</td>\n",
       "      <td>0.056</td>\n",
       "      <td>0.041</td>\n",
       "    </tr>\n",
       "    <tr>\n",
       "      <th>7</th>\n",
       "      <td>0.038</td>\n",
       "      <td>0.048</td>\n",
       "      <td>0.061</td>\n",
       "      <td>0.079</td>\n",
       "      <td>0.093</td>\n",
       "      <td>0.103</td>\n",
       "      <td>0.115</td>\n",
       "      <td>0.120</td>\n",
       "      <td>0.114</td>\n",
       "      <td>0.098</td>\n",
       "      <td>0.074</td>\n",
       "      <td>0.057</td>\n",
       "    </tr>\n",
       "    <tr>\n",
       "      <th>8</th>\n",
       "      <td>0.020</td>\n",
       "      <td>0.026</td>\n",
       "      <td>0.035</td>\n",
       "      <td>0.051</td>\n",
       "      <td>0.064</td>\n",
       "      <td>0.077</td>\n",
       "      <td>0.098</td>\n",
       "      <td>0.114</td>\n",
       "      <td>0.137</td>\n",
       "      <td>0.139</td>\n",
       "      <td>0.127</td>\n",
       "      <td>0.112</td>\n",
       "    </tr>\n",
       "    <tr>\n",
       "      <th>9</th>\n",
       "      <td>0.012</td>\n",
       "      <td>0.016</td>\n",
       "      <td>0.023</td>\n",
       "      <td>0.034</td>\n",
       "      <td>0.046</td>\n",
       "      <td>0.058</td>\n",
       "      <td>0.079</td>\n",
       "      <td>0.098</td>\n",
       "      <td>0.139</td>\n",
       "      <td>0.160</td>\n",
       "      <td>0.169</td>\n",
       "      <td>0.165</td>\n",
       "    </tr>\n",
       "    <tr>\n",
       "      <th>10</th>\n",
       "      <td>0.007</td>\n",
       "      <td>0.009</td>\n",
       "      <td>0.013</td>\n",
       "      <td>0.020</td>\n",
       "      <td>0.028</td>\n",
       "      <td>0.037</td>\n",
       "      <td>0.056</td>\n",
       "      <td>0.074</td>\n",
       "      <td>0.127</td>\n",
       "      <td>0.169</td>\n",
       "      <td>0.216</td>\n",
       "      <td>0.244</td>\n",
       "    </tr>\n",
       "    <tr>\n",
       "      <th>11</th>\n",
       "      <td>0.004</td>\n",
       "      <td>0.006</td>\n",
       "      <td>0.008</td>\n",
       "      <td>0.013</td>\n",
       "      <td>0.019</td>\n",
       "      <td>0.026</td>\n",
       "      <td>0.041</td>\n",
       "      <td>0.057</td>\n",
       "      <td>0.112</td>\n",
       "      <td>0.165</td>\n",
       "      <td>0.244</td>\n",
       "      <td>0.305</td>\n",
       "    </tr>\n",
       "  </tbody>\n",
       "</table>\n",
       "</div>"
      ],
      "text/plain": [
       "       0      1      2      3      4      5      6      7      8      9   \\\n",
       "0   0.240  0.198  0.156  0.114  0.088  0.072  0.051  0.038  0.020  0.012   \n",
       "1   0.198  0.178  0.153  0.121  0.099  0.083  0.062  0.048  0.026  0.016   \n",
       "2   0.156  0.153  0.143  0.126  0.110  0.096  0.076  0.061  0.035  0.023   \n",
       "3   0.114  0.121  0.126  0.124  0.117  0.109  0.093  0.079  0.051  0.034   \n",
       "4   0.088  0.099  0.110  0.117  0.117  0.114  0.104  0.093  0.064  0.046   \n",
       "5   0.072  0.083  0.096  0.109  0.114  0.115  0.111  0.103  0.077  0.058   \n",
       "6   0.051  0.062  0.076  0.093  0.104  0.111  0.116  0.115  0.098  0.079   \n",
       "7   0.038  0.048  0.061  0.079  0.093  0.103  0.115  0.120  0.114  0.098   \n",
       "8   0.020  0.026  0.035  0.051  0.064  0.077  0.098  0.114  0.137  0.139   \n",
       "9   0.012  0.016  0.023  0.034  0.046  0.058  0.079  0.098  0.139  0.160   \n",
       "10  0.007  0.009  0.013  0.020  0.028  0.037  0.056  0.074  0.127  0.169   \n",
       "11  0.004  0.006  0.008  0.013  0.019  0.026  0.041  0.057  0.112  0.165   \n",
       "\n",
       "       10     11  \n",
       "0   0.007  0.004  \n",
       "1   0.009  0.006  \n",
       "2   0.013  0.008  \n",
       "3   0.020  0.013  \n",
       "4   0.028  0.019  \n",
       "5   0.037  0.026  \n",
       "6   0.056  0.041  \n",
       "7   0.074  0.057  \n",
       "8   0.127  0.112  \n",
       "9   0.169  0.165  \n",
       "10  0.216  0.244  \n",
       "11  0.244  0.305  "
      ]
     },
     "execution_count": 18,
     "metadata": {},
     "output_type": "execute_result"
    }
   ],
   "source": [
    "O_ij = mbar.computeOverlap()['matrix']\n",
    "np.savetxt(f'{data_dir}/restraint_overlap.txt',O_ij,fmt='%.8f')\n",
    "O_ij.round(decimals=3, out=O_ij)\n",
    "pd.DataFrame(O_ij)"
   ]
  }
 ],
 "metadata": {
  "kernelspec": {
   "display_name": "Python 3.10.6 ('alchemlyb')",
   "language": "python",
   "name": "python3"
  },
  "language_info": {
   "codemirror_mode": {
    "name": "ipython",
    "version": 3
   },
   "file_extension": ".py",
   "mimetype": "text/x-python",
   "name": "python",
   "nbconvert_exporter": "python",
   "pygments_lexer": "ipython3",
   "version": "3.10.6"
  },
  "orig_nbformat": 4,
  "vscode": {
   "interpreter": {
    "hash": "74078c60bce3d6be16ed71c1715da3ff4aa5c29c13a96178f498362f450078a2"
   }
  }
 },
 "nbformat": 4,
 "nbformat_minor": 2
}
